12 0.501953125 0.5283203125 0.95703125 0.556640625
10 0.546875 0.2392578125 0.10546875 0.095703125
10 0.63671875 0.25390625 0.1015625 0.08203125
13 0.73828125 0.294921875 0.1015625 0.09765625
10 0.5908203125 0.3330078125 0.099609375 0.072265625
10 0.6455078125 0.447265625 0.138671875 0.1328125
10 0.6484375 0.5908203125 0.12890625 0.119140625
10 0.7490234375 0.6494140625 0.119140625 0.126953125
10 0.8115234375 0.4931640625 0.099609375 0.103515625
10 0.720703125 0.5224609375 0.1015625 0.091796875
10 0.8720703125 0.47265625 0.091796875 0.09375
10 0.93359375 0.478515625 0.08984375 0.10546875
10 0.8486328125 0.294921875 0.123046875 0.078125