12 0.16796875 0.2753246753246753 0.171875 0.2025974025974026
12 0.2255859375 0.4922077922077922 0.181640625 0.23116883116883116
12 0.1171875 0.7233766233766233 0.2109375 0.24155844155844156
12 0.388671875 0.6987012987012987 0.1953125 0.2597402597402597
12 0.4775390625 0.4688311688311688 0.181640625 0.22077922077922077
12 0.3779296875 0.274025974025974 0.158203125 0.2051948051948052
12 0.6025390625 0.261038961038961 0.189453125 0.21038961038961038
12 0.791015625 0.2597402597402597 0.171875 0.21298701298701297
12 0.6875 0.4701298701298701 0.17578125 0.22857142857142856
12 0.6220703125 0.7051948051948052 0.185546875 0.2623376623376623
12 0.853515625 0.7272727272727273 0.19140625 0.2597402597402597
12 0.876953125 0.4779220779220779 0.1796875 0.23376623376623376