19 0.2978515625 0.3642578125 0.341796875 0.189453125
19 0.7265625 0.693359375 0.23046875 0.38671875
32 0.8291015625 0.3037109375 0.341796875 0.130859375
32 0.8759765625 0.2119140625 0.248046875 0.173828125
2 0.642578125 0.12109375 0.1015625 0.10546875
32 0.146484375 0.7666015625 0.26953125 0.271484375
2 0.478515625 0.7900390625 0.203125 0.283203125
2 0.482421875 0.4794921875 0.08203125 0.205078125
15 0.654296875 0.435546875 0.2734375 0.21484375
15 0.435546875 0.177734375 0.29296875 0.28515625
19 0.8896484375 0.685546875 0.177734375 0.23828125