26 0.224609375 0.4404296875 0.21875 0.162109375
26 0.4423828125 0.3193359375 0.119140625 0.150390625
26 0.548828125 0.2265625 0.18359375 0.18359375
26 0.8212890625 0.5068359375 0.111328125 0.189453125
26 0.6572265625 0.6953125 0.240234375 0.1953125
26 0.3564453125 0.7333984375 0.150390625 0.162109375
26 0.40234375 0.5771484375 0.16015625 0.173828125
30 0.2236328125 0.623046875 0.169921875 0.15625
30 0.28125 0.287109375 0.1796875 0.140625
30 0.7265625 0.283203125 0.1484375 0.28125
30 0.6103515625 0.470703125 0.236328125 0.22265625