3 0.5224609375 0.150390625 0.275390625 0.16015625
3 0.537109375 0.375 0.30078125 0.28515625
3 0.6376953125 0.7255859375 0.287109375 0.158203125
3 0.634765625 0.5615234375 0.296875 0.189453125
3 0.365234375 0.4375 0.18359375 0.1953125
3 0.3173828125 0.2548828125 0.197265625 0.162109375
3 0.4296875 0.6318359375 0.21484375 0.197265625
14 0.5380859375 0.384765625 0.287109375 0.1484375
14 0.3701171875 0.732421875 0.255859375 0.26953125
14 0.65234375 0.845703125 0.296875 0.125
14 0.267578125 0.466796875 0.11328125 0.19921875
14 0.2763671875 0.0888671875 0.107421875 0.162109375