15 0.55078125 0.435546875 0.29296875 0.30078125
30 0.2373046875 0.2197265625 0.232421875 0.138671875
30 0.5205078125 0.0791015625 0.396484375 0.099609375
30 0.720703125 0.2001953125 0.21875 0.162109375
30 0.2548828125 0.3720703125 0.228515625 0.138671875
30 0.201171875 0.66015625 0.24609375 0.171875
30 0.1728515625 0.8291015625 0.169921875 0.166015625
30 0.486328125 0.9189453125 0.1875 0.126953125
30 0.603515625 0.7509765625 0.23046875 0.185546875
30 0.91796875 0.541015625 0.1640625 0.18359375
30 0.828125 0.37109375 0.09375 0.109375