26 0.4033203125 0.373046875 0.138671875 0.10546875
26 0.8271484375 0.3486328125 0.119140625 0.142578125
26 0.6572265625 0.46875 0.076171875 0.12890625
26 0.6796875 0.578125 0.12890625 0.09765625
26 0.3193359375 0.6240234375 0.138671875 0.103515625
26 0.572265625 0.673828125 0.12890625 0.09375
30 0.548828125 0.400390625 0.13671875 0.24609375
30 0.4462890625 0.55859375 0.095703125 0.1953125
30 0.2734375 0.5087890625 0.0859375 0.111328125
15 0.484375 0.197265625 0.65625 0.171875
15 0.177734375 0.634765625 0.140625 0.30078125