30 0.5888671875 0.740234375 0.166015625 0.3203125
30 0.7314453125 0.6435546875 0.169921875 0.271484375
30 0.87109375 0.609375 0.19921875 0.18359375
30 0.216796875 0.525390625 0.31640625 0.1015625
30 0.291015625 0.142578125 0.203125 0.140625
30 0.2099609375 0.3046875 0.294921875 0.125
30 0.158203125 0.412109375 0.27734375 0.1171875
30 0.5556640625 0.4228515625 0.240234375 0.134765625
15 0.48828125 0.3017578125 0.21484375 0.111328125
26 0.4794921875 0.1142578125 0.123046875 0.197265625
26 0.7080078125 0.1220703125 0.115234375 0.189453125
26 0.82421875 0.2900390625 0.3046875 0.154296875
26 0.3896484375 0.6923828125 0.103515625 0.357421875