26 0.23046875 0.0830078125 0.10546875 0.119140625
26 0.2275390625 0.2626953125 0.123046875 0.146484375
26 0.140625 0.4248046875 0.15234375 0.134765625
26 0.3701171875 0.5126953125 0.150390625 0.138671875
26 0.291015625 0.7412109375 0.16796875 0.197265625
26 0.4208984375 0.802734375 0.134765625 0.15234375
26 0.46484375 0.9423828125 0.2265625 0.115234375
26 0.6884765625 0.9384765625 0.154296875 0.111328125
26 0.5400390625 0.048828125 0.138671875 0.08984375
26 0.33203125 0.15234375 0.109375 0.12109375
30 0.4189453125 0.3193359375 0.380859375 0.236328125
30 0.521484375 0.4462890625 0.3203125 0.201171875
30 0.5380859375 0.62890625 0.240234375 0.15234375
30 0.68359375 0.7998046875 0.40625 0.228515625