15 0.314453125 0.4873046875 0.11328125 0.158203125
15 0.4921875 0.369140625 0.09375 0.11328125
15 0.6376953125 0.4853515625 0.083984375 0.115234375
15 0.4736328125 0.619140625 0.158203125 0.10546875
30 0.2080078125 0.470703125 0.150390625 0.15234375
30 0.349609375 0.3544921875 0.1796875 0.103515625
30 0.61328125 0.3564453125 0.125 0.107421875
30 0.748046875 0.505859375 0.1484375 0.16015625
30 0.6162109375 0.595703125 0.146484375 0.12109375
30 0.52734375 0.6943359375 0.13671875 0.107421875
26 0.775390625 0.3671875 0.12890625 0.09375
26 0.8212890625 0.5869140625 0.115234375 0.138671875
26 0.2890625 0.6669921875 0.1171875 0.134765625
26 0.2314453125 0.330078125 0.115234375 0.10546875