26 0.189453125 0.5615234375 0.1875 0.220703125
26 0.3701171875 0.734375 0.162109375 0.203125
15 0.484375 0.6708984375 0.2109375 0.107421875
26 0.5576171875 0.7880859375 0.224609375 0.189453125
26 0.3720703125 0.2080078125 0.138671875 0.130859375
26 0.181640625 0.3046875 0.16796875 0.20703125
26 0.416015625 0.3701171875 0.18359375 0.142578125
26 0.6748046875 0.2333984375 0.142578125 0.115234375
26 0.75390625 0.4052734375 0.14453125 0.173828125
30 0.6357421875 0.4755859375 0.197265625 0.154296875
30 0.4169921875 0.0947265625 0.197265625 0.111328125
26 0.560546875 0.083984375 0.10546875 0.13671875