15 0.8642578125 0.140625 0.158203125 0.15234375
15 0.6064453125 0.1865234375 0.173828125 0.142578125
26 0.484375 0.69140625 0.140625 0.1328125
15 0.12890625 0.798828125 0.1484375 0.15625
26 0.0966796875 0.0771484375 0.138671875 0.095703125
26 0.294921875 0.080078125 0.109375 0.08203125
30 0.3173828125 0.19140625 0.130859375 0.16796875
30 0.7265625 0.8115234375 0.19921875 0.150390625
30 0.525390625 0.83203125 0.15234375 0.140625
30 0.5234375 0.5107421875 0.171875 0.123046875
30 0.7021484375 0.3623046875 0.103515625 0.111328125
30 0.7861328125 0.443359375 0.115234375 0.12109375
30 0.9169921875 0.423828125 0.126953125 0.1328125
30 0.3115234375 0.779296875 0.158203125 0.21875
26 0.208984375 0.5849609375 0.1328125 0.119140625
26 0.349609375 0.404296875 0.12109375 0.10546875
30 0.4521484375 0.2373046875 0.115234375 0.138671875
30 0.1953125 0.8779296875 0.1640625 0.111328125
26 0.857421875 0.623046875 0.14453125 0.125
15 0.7451171875 0.53515625 0.162109375 0.11328125