15 0.890625 0.4908854166666667 0.1640625 0.3828125
30 0.734375 0.4283854166666667 0.1796875 0.1640625
30 0.771484375 0.53515625 0.16796875 0.16927083333333334
30 0.6650390625 0.7083333333333334 0.138671875 0.22395833333333334
26 0.3427734375 0.3151041666666667 0.146484375 0.08854166666666667
26 0.421875 0.42578125 0.11328125 0.09114583333333333
26 0.5068359375 0.4270833333333333 0.091796875 0.10416666666666667
26 0.5810546875 0.4401041666666667 0.123046875 0.11979166666666667
26 0.3173828125 0.5481770833333334 0.087890625 0.12239583333333333
26 0.2626953125 0.4713541666666667 0.080078125 0.13541666666666666
26 0.44140625 0.5690104166666666 0.08203125 0.1484375
26 0.55078125 0.5377604166666666 0.08203125 0.1328125