30 0.3330078125 0.5087890625 0.126953125 0.115234375
30 0.466796875 0.54296875 0.1171875 0.1328125
30 0.494140625 0.666015625 0.13671875 0.12890625
30 0.2197265625 0.591796875 0.126953125 0.1171875
30 0.3173828125 0.279296875 0.123046875 0.08203125
30 0.4404296875 0.296875 0.060546875 0.0859375
30 0.3427734375 0.357421875 0.126953125 0.08203125
30 0.2314453125 0.16796875 0.087890625 0.09765625
30 0.109375 0.2001953125 0.11328125 0.095703125
30 0.53125 0.1396484375 0.09765625 0.099609375
30 0.6005859375 0.193359375 0.103515625 0.09765625
30 0.7490234375 0.255859375 0.107421875 0.08984375
30 0.8701171875 0.294921875 0.095703125 0.1328125
30 0.8232421875 0.5068359375 0.134765625 0.115234375
30 0.94140625 0.55078125 0.09765625 0.1328125
30 0.6982421875 0.7705078125 0.115234375 0.154296875
30 0.84375 0.74609375 0.15234375 0.09375
26 0.3388671875 0.3193359375 0.251953125 0.236328125
26 0.556640625 0.1640625 0.22265625 0.26171875
26 0.7744140625 0.759765625 0.294921875 0.3046875
26 0.458984375 0.6435546875 0.26171875 0.283203125