32 0.6865234375 0.384765625 0.134765625 0.09375
32 0.5947265625 0.4658203125 0.130859375 0.072265625
32 0.7314453125 0.4775390625 0.134765625 0.087890625
32 0.759765625 0.5732421875 0.15234375 0.080078125
32 0.73828125 0.6708984375 0.1640625 0.126953125
32 0.5966796875 0.583984375 0.150390625 0.1328125
32 0.4296875 0.6103515625 0.1640625 0.130859375
32 0.24609375 0.62890625 0.16015625 0.1484375
32 0.384765625 0.73828125 0.1484375 0.140625
32 0.6259765625 0.7548828125 0.193359375 0.162109375
19 0.4814453125 0.744140625 0.130859375 0.21875
19 0.267578125 0.763671875 0.19140625 0.16015625
8 0.3310546875 0.498046875 0.197265625 0.10546875
19 0.5283203125 0.3779296875 0.130859375 0.130859375
8 0.353515625 0.3779296875 0.19140625 0.103515625