30 0.1015625 0.4501953125 0.18359375 0.130859375
30 0.2421875 0.2822265625 0.1484375 0.119140625
30 0.478515625 0.2666015625 0.21875 0.123046875
30 0.3447265625 0.3857421875 0.212890625 0.130859375
30 0.5361328125 0.4306640625 0.150390625 0.166015625
30 0.693359375 0.3310546875 0.1640625 0.123046875
30 0.91015625 0.376953125 0.14453125 0.125
30 0.75 0.4638671875 0.1953125 0.142578125
30 0.8525390625 0.64453125 0.240234375 0.171875
30 0.5595703125 0.5673828125 0.162109375 0.126953125
30 0.404296875 0.6591796875 0.28515625 0.169921875
30 0.283203125 0.537109375 0.2265625 0.10546875