36 0.8212890625 0.29296875 0.287109375 0.3567708333333333
36 0.47265625 0.13802083333333334 0.30078125 0.20833333333333334
36 0.2958984375 0.2682291666666667 0.345703125 0.21875
11 0.2509765625 0.6549479166666666 0.177734375 0.3203125
11 0.373046875 0.5078125 0.14453125 0.2864583333333333
11 0.2841796875 0.2825520833333333 0.220703125 0.1328125
11 0.6728515625 0.3255208333333333 0.138671875 0.23958333333333334
11 0.4794921875 0.4479166666666667 0.099609375 0.2604166666666667
11 0.619140625 0.6171875 0.26953125 0.234375
36 0.6171875 0.6614583333333334 0.3828125 0.359375
36 0.2626953125 0.6822916666666666 0.271484375 0.5104166666666666