36 0.4267578125 0.2275390625 0.220703125 0.205078125
36 0.6552734375 0.2578125 0.216796875 0.21484375
36 0.853515625 0.263671875 0.2578125 0.1953125
36 0.1328125 0.419921875 0.26171875 0.234375
36 0.380859375 0.4541015625 0.25390625 0.201171875
36 0.625 0.455078125 0.21484375 0.17578125
36 0.8603515625 0.474609375 0.275390625 0.21875
36 0.630859375 0.6806640625 0.31640625 0.240234375
36 0.8896484375 0.703125 0.220703125 0.23046875
6 0.076171875 0.76171875 0.1484375 0.09375
6 0.1552734375 0.7685546875 0.146484375 0.126953125
6 0.26953125 0.775390625 0.09765625 0.16015625
2 0.59375 0.6845703125 0.2578125 0.142578125
2 0.876953125 0.708984375 0.20703125 0.15625