30 0.5 0.08984375 0.1796875 0.1171875
30 0.3134765625 0.1884765625 0.099609375 0.080078125
30 0.3369140625 0.3896484375 0.107421875 0.119140625
30 0.623046875 0.2666015625 0.1328125 0.083984375
30 0.6240234375 0.3642578125 0.126953125 0.087890625
30 0.52734375 0.4306640625 0.1015625 0.123046875
30 0.5625 0.54296875 0.1171875 0.1484375
30 0.1396484375 0.51953125 0.142578125 0.09375
26 0.7060546875 0.447265625 0.138671875 0.08984375
26 0.8232421875 0.521484375 0.134765625 0.1328125
26 0.2333984375 0.7890625 0.146484375 0.12109375
26 0.0751953125 0.7216796875 0.087890625 0.099609375
26 0.76171875 0.6923828125 0.140625 0.126953125
26 0.3046875 0.5068359375 0.11328125 0.138671875
26 0.458984375 0.8076171875 0.14453125 0.107421875
26 0.6484375 0.8466796875 0.1171875 0.134765625
26 0.8544921875 0.947265625 0.169921875 0.09375
26 0.18359375 0.935546875 0.09765625 0.109375
26 0.3037109375 0.94921875 0.134765625 0.09375
26 0.2333984375 0.154296875 0.087890625 0.078125
26 0.10546875 0.609375 0.1328125 0.08203125