15 0.380859375 0.6875 0.12109375 0.359375
15 0.134765625 0.3017578125 0.1640625 0.185546875
15 0.3134765625 0.2216796875 0.189453125 0.193359375
15 0.6513671875 0.6357421875 0.142578125 0.216796875
30 0.8486328125 0.62109375 0.279296875 0.140625
30 0.6025390625 0.7275390625 0.224609375 0.287109375
26 0.5361328125 0.828125 0.248046875 0.296875
26 0.240234375 0.671875 0.23046875 0.42578125
26 0.4951171875 0.2744140625 0.154296875 0.212890625
26 0.6484375 0.2646484375 0.13671875 0.228515625
30 0.810546875 0.41796875 0.3359375 0.1328125